k_u = 4000;
tau = 0.3;
cr = 0.01;
m = 1200;
k_d = 0.4;
g = 9.8;
